100
234
1 32 3
2 32 4
1 2 4
1 31 3
30 31 3
29 30 4 
28 29 5 
27 28 7 
26 27 4 
25 26 5 
24 25 4 
23 24 3 
22 23 4 
21 22 4 
20 21 4 
19 20 3 
18 19 5 
17 18 5 
16 17 3 
15 16 5 
14 15 5 
13 14 3 
12 13 6 
11 12 4 
10 11 3 
9 10 4 
8 9 4 
7 8 3 
6 7 4 
5 6 6 
5 37 5 
36 37 4 
5 36 2 
4 5 5 
3 4 3 
2 3 7 
2 33 4 
33 34 4 
3 34 3 
34 35 4 
4 35 3 
35 36 4 
3 35 4 
33 58 3 
34 58 3 
34 59 3 
59 81 3 
60 81 3 
35 60 3 
35 59 4 
58 59 3 
57 58 4 
33 57 4 
32 33 6 
31 32 2 
31 56 4 
56 57 3 
55 56 4 
30 55 4 
30 56 4 
56 79 5 
57 79 4 
55 79 3 
54 55 5 
28 54 3 
29 55 3 
29 54 5 
53 54 4 
52 53 4 
51 52 5 
27 53 4 
27 52 3 
26 52 3 
26 51 4 
25 51 4 
25 50 4 
50 75 4 
75 76 3 
77 78 5 
76 77 4 
78 79 6 
79 80 6 
57 80 7 
58 80 6 
59 80 6 
80 81 4 
78 80 6 
54 78 4 
54 79 5 
53 78 4 
52 77 4 
51 77 7 
50 51 3 
51 76 4 
76 91 3 
91 92 5 
80 92 5 
78 92 4 
92 93 3 
80 93 4 
80 94 5 
60 94 5 
93 94 5 
94 95 4 
95 100 6 
91 100 4 
90 91 5 
74 90 5 
73 74 3 
73 89 4 
89 98 3 
98 99 5 
95 99 4 
99 100 4 
90 100 5 
90 98 3 
98 100 6 
93 100 4 
77 92 5 
74 75 4 
49 74 4 
24 49 5 
23 49 5 
48 49 3 
48 73 5 
72 73 2 
72 89 4 
88 89 4 
71 88 3 
71 72 4 
47 72 5 
21 47 4 
20 47 3 
20 46 3 
19 46 3 
47 48 4 
22 48 4 
21 48 5 
46 47 4 
46 71 6 
46 72 6 
45 46 5 
18 45 4 
19 45 5 
45 71 5 
70 71 4 
45 70 4 
17 45 7 
17 44 4 
16 44 3 
15 44 6 
15 43 5 
43 69 3 
44 69 4 
43 44 6 
69 70 3 
44 70 6 
44 45 7 
70 86 5 
86 97 4 
96 97 4 
97 98 4 
88 97 5 
89 97 6 
85 97 4 
85 86 5 
86 88 3 
70 88 5 
70 87 5 
68 87 3 
42 68 3 
14 42 5 
13 42 5 
42 43 3 
69 87 4 
43 68 5 
86 87 3 
68 85 4 
96 99 4 
95 96 4 
82 96 6 
82 95 3 
61 82 7 
61 62 3 
62 83 5 
83 84 6 
67 84 4 
41 67 5 
11 41 4 
12 41 4 
42 67 6 
67 68 5 
67 85 4 
84 85 4 
84 96 4 
82 83 3 
83 96 7 
82 94 3 
60 61 3 
36 61 3 
35 61 5 
61 94 6 
37 62 3 
62 64 5 
63 64 3 
6 63 4
6 37 4
37 63 3
38 63 3 
7 38 4 
6 38 5 
8 38 5 
8 39 7 
9 39 4 
38 39 3 
38 64 4 
39 64 4 
39 65 5 
64 65 3 
65 83 5 
62 65 6 
65 66 3 
66 84 3 
66 67 4 
41 66 5 
41 42 8 
13 41 8 
40 41 5 
40 66 5 
40 65 4 
39 40 4 
9 40 6 
10 40 4 
11 40 5